-1.0000000000000000E+000 +2.0849742323891295E-038 +2.7521257946624258E-035 -3.7465295329423068E-003 +8.8494479662290793E-006 -6.9515772616066213E-006 +3.5701498624285460E-003
-9.9879545620517252E-001 -5.7840174488555877E-025 +2.2040759784534753E-007 -3.6143209379234549E-003 -4.3184980127977960E-006 +6.9828626069971063E-005 +3.5340749327445247E-003
-9.9518472667219682E-001 +2.2189775114639548E-023 +1.4718940738582752E-005 -3.3613073842385273E-003 +2.3331622102220050E-005 +1.9581035670779669E-004 +3.1307780567911758E-003
-9.8917650996478079E-001 +2.8041304086640690E-022 +1.7173325734777984E-004 -3.1483580980383938E-003 +1.9589345630713730E-004 +2.8219957003970241E-004 +2.4962609453500571E-003
-9.8078528040323043E-001 -3.8705561225895019E-022 +8.7651264512458762E-004 -2.8618948517376685E-003 +8.1970567516870133E-004 +2.4073898846568311E-004 +9.1895287070588652E-004
-9.7003125319454409E-001 -2.2937748113060034E-021 +2.3564158621701158E-003 -2.4863077722950093E-003 +1.1414789396762084E-003 +1.4492020892841476E-004 -1.1600022855029586E-003
-9.5694033573220905E-001 +1.3871775522795872E-021 +3.6486336375787065E-003 -2.4036974145133757E-003 +2.6795806776740264E-004 +2.1360961932987924E-005 -1.5336441762274324E-003
-9.4154406518302070E-001 +4.7080295204423163E-022 +3.8269168713440764E-003 -2.3915547128816575E-003 -6.2899476796587526E-004 -5.8777382935401823E-005 -7.4859482955165458E-004
-9.2387953251128663E-001 -7.9725331434726546E-023 +3.2729224838358283E-003 -2.1848067939034882E-003 -7.7586384812440394E-004 -8.5275039779615189E-005 -2.2267312038313711E-004
-9.0398929312344323E-001 -4.0436252632947264E-022 +2.5875352930711643E-003 -1.8747244471574507E-003 -5.9351530306336214E-004 -6.4516382210797304E-005 -4.9284270104173753E-005
-8.8192126434835483E-001 +1.2684972416613535E-022 +2.0039567842737296E-003 -1.5741235830174002E-003 -3.9412932187869048E-004 -2.0545188180260305E-005 -5.8735385559474402E-006
-8.5772861000027212E-001 +1.2822978468100113E-022 +1.5613197805835932E-003 -1.3153752265014087E-003 -2.5493493779715201E-004 +9.0780797075738984E-006 -1.2217992306755993E-006
-8.3146961230254535E-001 +1.0291312653213264E-022 +1.2358813328056050E-003 -1.1033743733560163E-003 -1.5384192947461565E-004 +2.5830400116236504E-005 +3.0026264461829009E-006
-8.0320753148064483E-001 -3.2555558579852920E-022 +9.9334232303910667E-004 -9.2996775379729257E-004 -8.6665039701815116E-005 +2.5646705472151909E-005 +2.9411280418096966E-006
-7.7301045336273710E-001 +2.9762815126381061E-022 +8.1169020244064411E-004 -7.8887141458594968E-004 -4.1022685540020667E-005 +2.5783387832689236E-005 +8.3278404209804514E-007
-7.4095112535495899E-001 -2.8267795971691247E-022 +6.7930724521937083E-004 -6.7512227390874140E-004 -2.4485905757266489E-005 +1.9034992931695579E-005 +3.7998397949457917E-006
-7.0710678118654746E-001 +2.0397355896367745E-022 +5.7534017135048201E-004 -5.8061581457394241E-004 -3.6284589194191659E-007 +1.2699495476265844E-005 +8.7626720959247534E-007
-6.7155895484701844E-001 +4.7444415079059105E-022 +4.9114956141757895E-004 -5.0217766053595246E-004 +1.4472906883157820E-005 +6.6603118283194463E-007 +1.0185287278204058E-006
-6.3439328416364527E-001 -1.5060221245575044E-022 +4.2206592165540716E-004 -4.3536641986322445E-004 +2.2844053441276022E-005 -4.4238248995479487E-006 +7.7162790493355646E-007
-5.9569930449243325E-001 -4.2675743206723550E-024 +3.6502235941694104E-004 -3.7821752364054729E-004 +2.5365382336813141E-005 -9.4125773661863436E-006 +7.1767840736762251E-007
-5.5557023301960184E-001 -1.8205357003612641E-022 +3.1600243773074777E-004 -3.2890370661041972E-004 +2.6137176213977130E-005 -9.8583525859835397E-006 +1.1200824872189489E-006
-5.1410274419322155E-001 -1.5786109045401360E-022 +2.7370502785494579E-004 -2.8677083525247861E-004 +2.6929753701942660E-005 -1.2845958546639269E-005 +1.9155406657574560E-006
-4.7139673682599764E-001 -1.4568314676697574E-023 +2.3284725054076346E-004 -2.4966448665551225E-004 +2.9200805980397262E-005 -1.0170036105739100E-005 +1.9491335933038501E-006
-4.2755509343028186E-001 +4.8642734009076502E-022 +1.9485841808216962E-004 -2.1713572924951481E-004 +3.5089843234067413E-005 -1.3366243238948830E-005 +1.7434819982653157E-006
-3.8268343236508973E-001 +1.0096711307531978E-022 +1.6028122202816085E-004 -1.8843961430692078E-004 +4.0712820956902379E-005 -1.1905811754974805E-005 +1.9804056509474348E-006
-3.3688985339222000E-001 +1.0876522445547668E-022 +1.2905767334722633E-004 -1.6380667079335192E-004 +4.7167147328857905E-005 -1.3531046449068492E-005 +1.8658622839141492E-006
-2.9028467725446222E-001 +7.7718730863326345E-023 +9.9800293127998003E-005 -1.4239909528972525E-004 +5.4199230261932054E-005 -1.1869845787317242E-005 +2.5385817780356672E-006
-2.4298017990326393E-001 +4.7173649819021017E-023 +7.2632195932065879E-005 -1.2415237639984495E-004 +6.3429675093164576E-005 -1.4320427103019975E-005 +3.1797213567992088E-006
-1.9509032201612822E-001 -1.2157576217066507E-023 +4.8987927984320636E-005 -1.0957649779724698E-004 +7.0948983264400929E-005 -1.1613180943683128E-005 +3.9021140716180005E-006
-1.4673047445536164E-001 -1.2271197865254835E-022 +2.9239790479711113E-005 -9.8238824890360178E-005 +7.6430360599171574E-005 -1.1213266217876083E-005 +4.1997706060891853E-006
-9.8017140329560659E-002 -4.4393004850478459E-023 +1.4105090069452178E-005 -9.0032743095998547E-005 +7.9900771827061035E-005 -6.7529796384705476E-006 +5.1359486150962078E-006
-4.9067674327418008E-002 +3.8655020088188623E-023 +4.0664572769088676E-006 -8.4481757047812019E-005 +8.0475774356877195E-005 -5.7405782654781365E-006 +5.5059987265272968E-006
+6.1232339957367660E-017 +1.0670592383713315E-023 +4.1337429349192862E-008 -8.2530260677435744E-005 +8.1502654189096428E-005 -3.4242846243966661E-006 +6.1216330642829527E-006
+4.9067674327418133E-002 +3.2597208288091059E-023 +2.6652050681055857E-006 -8.3553320890144986E-005 +8.1275476689460959E-005 -6.2778806808655100E-006 +6.1948534638553085E-006
+9.8017140329560770E-002 -1.8820961451022816E-025 +1.1785393966355331E-005 -8.7825367151514724E-005 +7.9115374493410733E-005 -6.4504863190620091E-006 +5.3097798662909024E-006
+1.4673047445536175E-001 +1.0000445637149812E-022 +2.6613650546608703E-005 -9.5549521144460515E-005 +7.3859841796215361E-005 -9.6032664783893351E-006 +4.3948311076413930E-006
+1.9509032201612833E-001 +5.6341000210303915E-023 +4.6230723136220503E-005 -1.0659140954569010E-004 +6.8556139927675592E-005 -8.8668112295635415E-006 +3.3028752684465370E-006
+2.4298017990326404E-001 +4.2929246643010392E-023 +7.0037705697865725E-005 -1.2159057066673214E-004 +6.0606849420811678E-005 -1.2640702488953895E-005 +3.2097763984709887E-006
+2.9028467725446233E-001 +2.5396415139941752E-022 +9.7062487349068599E-005 -1.4013597505192592E-004 +5.4265161930940224E-005 -1.2173970072835957E-005 +3.0841386814821911E-006
+3.3688985339222011E-001 +1.0045906920814603E-022 +1.2669740604490478E-004 -1.6183788243738409E-004 +4.8446797936527477E-005 -1.6132652461751637E-005 +2.8746902146974487E-006
+3.8268343236508984E-001 -3.7029474109681049E-023 +1.5885718513801496E-004 -1.8720246750175462E-004 +4.1724865739539515E-005 -1.3759443368783339E-005 +2.3979609626645154E-006
+4.2755509343028220E-001 -2.6972368900118362E-023 +1.9347226446710873E-004 -2.1595419815549990E-004 +3.5188844137317083E-005 -1.4487811238746269E-005 +1.7653255204066174E-006
+4.7139673682599775E-001 +1.2607828871868276E-022 +2.2959886617403128E-004 -2.4879544769594949E-004 +3.1479531008231853E-005 -1.0655833183532781E-005 +2.1731566805650686E-006
+5.1410274419322166E-001 -8.8788053106160766E-023 +2.7047248685735110E-004 -2.8663749867292865E-004 +2.5541904810154469E-005 -9.2849781167150820E-006 +1.4022491738930102E-006
+5.5557023301960218E-001 +8.2285086390477263E-023 +3.1618823763436798E-004 -3.3033826067624991E-004 +2.4722553130331700E-005 -7.3691324246185985E-006 +1.6263847429921459E-006
+5.9569930449243336E-001 -2.4132492964963775E-022 +3.7033707318727258E-004 -3.8018342687958130E-004 +1.9916664304619652E-005 -7.5126860121082590E-006 +1.8441938739346790E-006
+6.3439328416364549E-001 +2.3590617311468367E-022 +4.3158792411891143E-004 -4.3825514833418491E-004 +1.1734378856436606E-005 -9.6403940084365455E-007 +2.7475653540627652E-006
+6.7155895484701844E-001 -9.7457759833345453E-023 +4.9993052134099435E-004 -5.0402905470028393E-004 +7.0035681556111647E-006 +2.1211249307284732E-006 +7.9428484218806421E-007
+7.0710678118654768E-001 +2.7650212912569809E-022 +5.7881431857762628E-004 -5.8170978158220805E-004 +1.7263220501231760E-006 +8.1002351893669292E-006 +7.8945116348727497E-007
+7.4095112535495933E-001 +2.7081248929106937E-022 +6.8177877136760756E-004 -6.7579670568298947E-004 -1.8038774536427405E-005 +1.3459668675341956E-005 +1.0119514623175511E-006
+7.7301045336273710E-001 +6.3533816324260402E-022 +8.1523509803636113E-004 -7.9004337596476262E-004 -4.4940119376387878E-005 +2.7665207171076010E-005 -5.8876289398132001E-007
+8.0320753148064505E-001 -6.7771614373746899E-022 +9.9022338832394498E-004 -9.3012728108408840E-004 -8.7594104255238166E-005 +2.8379106807477780E-005 +4.0710299925290992E-007
+8.3146961230254535E-001 -6.5452187201743832E-022 +1.2223951264668711E-003 -1.1004905112393351E-003 -1.3702392875965280E-004 +2.2645443919976927E-005 +1.9074886664905127E-006
+8.5772861000027212E-001 +1.1548645277006515E-023 +1.5360977837753339E-003 -1.3071215705725747E-003 -2.2157022189371500E-004 -4.5663889327439110E-006 +1.6953395291362684E-006
+8.8192126434835483E-001 -3.3549375023671781E-022 +1.9607663014647066E-003 -1.5562068200255818E-003 -3.6542173437674940E-004 -3.1161240156872940E-005 -5.6343212741255966E-006
+9.0398929312344323E-001 +5.6129713887376218E-022 +2.5253667944970079E-003 -1.8482739613059681E-003 -5.8085534601620139E-004 -6.2741021965232938E-005 -3.9674140726018905E-005
+9.2387953251128663E-001 -3.9104626611513547E-022 +3.1944798074492469E-003 -2.1442061407000584E-003 -7.5923026729456415E-004 -7.3527435648384991E-005 -2.1256008142198904E-004
+9.4154406518302070E-001 -6.1629529312831358E-022 +3.7279878291420787E-003 -2.3340373579920125E-003 -6.0079224815934524E-004 -4.5413251076706552E-005 -7.4770253548971620E-004
+9.5694033573220905E-001 +7.4882652146814225E-022 +3.5389431537979190E-003 -2.3391392310471871E-003 +2.9414743842232744E-004 +3.0792401931297597E-005 -1.5237598902804108E-003
+9.7003125319454409E-001 -2.9756298458524211E-022 +2.2737811999754142E-003 -2.4262525542385598E-003 +1.1381954014923429E-003 +1.4670245281879306E-004 -1.1294123996182168E-003
+9.8078528040323043E-001 +7.6830359069992414E-022 +8.4284562480351128E-004 -2.8000285731554914E-003 +8.0011633442378654E-004 +2.3711551961327708E-004 +9.2151503132787424E-004
+9.8917650996478079E-001 -2.6879963362926498E-022 +1.6509146504551774E-004 -3.0797090856326745E-003 +1.9066571521850049E-004 +2.7461121615644947E-004 +2.4489822267447603E-003
+9.9518472667219682E-001 -3.0221286442956244E-023 +1.4173174720934992E-005 -3.2868961853981804E-003 +2.1924520077898000E-005 +1.9047082630527343E-004 +3.0639044189440948E-003
+9.9879545620517252E-001 -6.8149729184001189E-027 +2.1256214853973231E-007 -3.5326849866918544E-003 -3.5100403478659965E-006 +6.7427677598989156E-005 +3.4540850069455461E-003
+1.0000000000000000E+000 -1.9276910777484757E-039 -1.4978697444512588E-035 -3.6607989811965301E-003 +7.2331829434889888E-006 -6.1590807842831993E-006 +3.4848654298020466E-003
