-1.0000000000000000E+000 +1.3928032368185857E-016 +7.7347528284106518E-035 +8.3290548996641346E-020 +2.7218348904964039E-015 +1.3370279611460081E-017 +1.0284125313967763E-016 -3.2240812119715663E-036 +2.4971784058280571E-034 +1.1149811737602959E-036 -3.1143760690182927E-003 +6.8611254268795277E-034 -8.5350782647040777E+000 +2.1157069611656127E+000 +3.2917162654123996E-015 +3.3554743469192343E+000 +1.4860732485411630E-016 +3.7587012854499637E-003 +7.1416319568936270E-022 +2.9037137237523056E-023 +0.0000000000000000E+000 +0.0000000000000000E+000 +0.0000000000000000E+000 +0.0000000000000000E+000 -3.5507562010185414E-002 +4.7978737727365797E+000
-9.9879545620517252E-001 +1.0274685225850627E-002 -3.1620271384546597E-023 -3.7517217386924082E-006 +4.0312670092886374E-003 +2.4238316130649376E-005 +2.4791682771979906E-003 -2.5855024625311403E-008 +2.2692564232532775E-008 -2.1944196127672270E-011 -3.1198130028638076E-003 +9.9261673506363321E-021 -8.5247517455992927E+000 +2.0028727892954281E+000 +6.0403988167001182E-002 +3.3400082823223376E+000 +2.8843908408405671E-009 +3.7545037071381702E-003 +1.7619261953879462E-006 -4.1160611404108982E-008 +0.0000000000000000E+000 +0.0000000000000000E+000 +0.0000000000000000E+000 +0.0000000000000000E+000 +1.0966585159928741E+000 +4.7978737727365797E+000
-9.9518472667219682E-001 +4.0991775659651140E-002 +3.2229024616597341E-022 -1.5060884459313444E-005 +1.6034389646252450E-002 +3.5536084427020766E-004 +9.1501562103394884E-003 -1.7343008602559012E-006 +3.6882275201735033E-007 -1.6076583087107568E-009 -3.1297501155383317E-003 +5.6115932755597397E-021 -8.4869621571770999E+000 +1.7072275503476286E+000 +2.4162663932201128E-001 +3.3215917787626750E+000 -1.2209957720738756E-007 +3.7463790924663668E-003 +6.5847940971774518E-006 -5.4765696060520896E-007 +0.0000000000000000E+000 +0.0000000000000000E+000 +0.0000000000000000E+000 +0.0000000000000000E+000 +1.1272999573896516E+000 +4.8622847233915385E+000
-9.8917650996478079E-001 +9.1651606061005156E-002 +2.0125304303415163E-021 -3.3952993503987740E-005 +3.5734004759430352E-002 +1.5615478010101965E-003 +1.8131157638283740E-002 -2.0549716289964451E-005 +1.9174944407071544E-006 -2.1595908646049983E-008 -3.2127687457923237E-003 -1.6623021589865644E-019 -8.3569682572360762E+000 +1.3256072152895491E+000 +5.4161603845315276E-001 +3.2903128607388181E+000 -2.4512234095205433E-006 +3.7478763975501298E-003 +1.2122027680401298E-005 -2.0480378146867733E-006 +0.0000000000000000E+000 +0.0000000000000000E+000 +0.0000000000000000E+000 +0.0000000000000000E+000 +1.1384186679941604E+000 +4.8249516143764906E+000
-9.8078528040323043E-001 +1.6014505148353533E-001 -1.9322939109238726E-021 -6.2864293773697724E-005 +6.1455956567222483E-002 +4.0831421144104157E-003 +2.7284068735990159E-002 -1.1085901709971829E-004 +5.7728398728689379E-006 -1.2479297451213646E-007 -3.7100631936533997E-003 -2.1451109389215156E-019 -7.9065567334588556E+000 +1.0552499401734392E+000 +9.3669066759068287E-001 +3.0778664465213232E+000 -1.6638831692079503E-005 +3.7742366984668276E-003 +1.5166637756104803E-005 -4.3162544653484786E-006 +0.0000000000000000E+000 +0.0000000000000000E+000 +0.0000000000000000E+000 +0.0000000000000000E+000 +1.0574867128641536E+000 +4.3846067726226536E+000
-9.7003125319454409E-001 +2.3980229717384205E-001 -1.2268742845386506E-020 -1.0753562279725252E-004 +8.7036800947782211E-002 +7.9437887517004608E-003 +3.5153424802338691E-002 -3.4488652270573674E-004 +1.0327493365642720E-005 -3.5733832284200760E-007 -4.6763660091887248E-003 -6.6545025918665970E-020 -6.8324430735307091E+000 +1.1125715795860740E+000 +1.3364663027337149E+000 +2.6138856341511754E+000 -6.3051795562100399E-005 +3.8384812690534743E-003 +1.4849649498168779E-005 -6.3860871247541677E-006 +0.0000000000000000E+000 +0.0000000000000000E+000 +0.0000000000000000E+000 +0.0000000000000000E+000 +8.3974601750598798E-001 +3.5504173150567961E+000
-9.5694033573220905E-001 +3.1886521561487841E-001 +1.3890016845990441E-020 -1.7602177113371857E-004 +1.0390031141635120E-001 +1.2805844583535793E-002 +4.1331158068550228E-002 -6.9464309586777444E-004 +1.0300844057888158E-005 -5.1120612536219463E-007 -5.5201098401559730E-003 +1.5331296345302836E-019 -5.2525339720459749E+000 +1.3066637841349693E+000 +1.6067481829107482E+000 +2.3164479377013616E+000 -1.6370060460681467E-004 +3.9296263313240085E-003 +1.5271632741875608E-005 -7.4693765572931077E-006 +0.0000000000000000E+000 +0.0000000000000000E+000 +0.0000000000000000E+000 +0.0000000000000000E+000 +5.5578175957101461E-001 +2.8423255335195203E+000
-9.4154406518302070E-001 +3.8729983793490041E-001 +2.0302320954501511E-020 -2.5342683152851478E-004 +1.0949456376909196E-001 +1.8141134642949874E-002 +4.5870367864742807E-002 -1.0268785539527660E-003 +6.1376499848036093E-006 -2.2229861846845752E-007 -4.2274372365766460E-003 +6.9287295085401768E-019 -3.7267482083120465E+000 +1.4377553817000592E+000 +1.6929297799140066E+000 +2.2178951049895410E+000 -3.2975160350759100E-004 +4.0301267445562823E-003 +1.9553171414646373E-005 -7.0568877293551186E-006 +0.0000000000000000E+000 +0.0000000000000000E+000 +0.0000000000000000E+000 +0.0000000000000000E+000 +2.9673551986648022E-001 +2.4925347984177946E+000
-9.2387953251128663E-001 +4.4231125689315071E-001 +7.9409338805090657E-021 -3.0543163860971459E-004 +1.0769858500278034E-001 +2.3352554439862380E-002 +4.8889029486945533E-002 -1.2600096836666407E-003 +2.0646356452197815E-006 +5.4532484379435778E-007 -1.5061820100803040E-003 -2.2573428044327104E-019 -2.5975369117427141E+000 +1.4854411700578933E+000 +1.6454045648932671E+000 +2.0769887143096137E+000 -5.4501857241295989E-004 +4.1093276217347291E-003 +2.7245029823517097E-005 -5.7414357448291545E-006 +0.0000000000000000E+000 +0.0000000000000000E+000 +0.0000000000000000E+000 +0.0000000000000000E+000 +9.7156861394216407E-002 +2.4000349864134187E+000
-9.0398929312344323E-001 +4.8588550428782590E-001 +2.1916977510205021E-020 -2.9936491636540287E-004 +1.0283410130589948E-001 +2.7927213474524790E-002 +5.0616357758945789E-002 -1.3976057734699731E-003 -2.8729151496007758E-006 +1.2678192914676191E-006 +1.9126199089633822E-003 +1.0693790959085542E-019 -1.8514074333731794E+000 +1.4687635969813559E+000 +1.5362358870258865E+000 +1.8827866479015791E+000 -7.8094370969253562E-004 +4.1520472436218344E-003 +3.5238726311399469E-005 -4.1495077273956826E-006 +0.0000000000000000E+000 +0.0000000000000000E+000 +0.0000000000000000E+000 +0.0000000000000000E+000 -4.7641487220830073E-002 +2.4321657459456145E+000
-8.8192126434835483E-001 +5.2090601859499774E-001 -6.9880218148479778E-021 -2.4388329504981327E-004 +9.7250544473773376E-002 +3.1596432616121967E-002 +5.1359113947948155E-002 -1.4690399834295189E-003 -4.2203580617791573E-006 +1.5214084102408997E-006 +2.5190568469911556E-003 +3.5849676875803198E-019 -1.3641293902087623E+000 +1.4144526801703254E+000 +1.4109469910887291E+000 +1.6837815628432207E+000 -9.9897773230376132E-004 +4.1449762095841693E-003 +4.1997936365782489E-005 -3.2568992386792756E-006 +0.0000000000000000E+000 +0.0000000000000000E+000 +0.0000000000000000E+000 +0.0000000000000000E+000 -1.5254968750871983E-001 +2.5187268923221735E+000
-8.5772861000027212E-001 +5.4969864524967782E-001 -8.0468129989158532E-021 -1.9156660415333175E-004 +9.1885229876274704E-002 +3.4334601047128044E-002 +5.1451056527002659E-002 -1.4970639731392372E-003 +2.8599920927278557E-006 +1.1461043479788651E-006 +1.9765926415612114E-003 +1.5521878758435054E-019 -1.0429227300761459E+000 +1.3411459990586052E+000 +1.2897413229763268E+000 +1.4995575482637400E+000 -1.1815959956788043E-003 +4.0957374629292959E-003 +4.6747827488577962E-005 -3.1214255133496518E-006 +0.0000000000000000E+000 +0.0000000000000000E+000 +0.0000000000000000E+000 +0.0000000000000000E+000 -2.2574634286596129E-001 +2.6150087265736475E+000
-8.3146961230254535E-001 +5.7403006826535985E-001 -7.5174174068819155E-021 -1.4106201090398186E-004 +8.6990244019462079E-002 +3.6240331630669170E-002 +5.1091687106141093E-002 -1.4958065961147478E-003 +1.1935842042108186E-005 +9.8248216506183649E-007 +1.7269774669697534E-003 -1.7194768829262297E-019 -8.2623183554631041E-001 +1.2599644775639747E+000 +1.1779364020391412E+000 +1.3445252778156129E+000 -1.3158360040374816E-003 +4.0090676522956375E-003 +4.8997592054185577E-005 -3.6520503512314820E-006 +0.0000000000000000E+000 +0.0000000000000000E+000 +0.0000000000000000E+000 +0.0000000000000000E+000 -2.7486654664626031E-001 +2.7008182251360884E+000
-8.0320753148064483E-001 +5.9507139748395710E-001 +2.8479828490200743E-020 -1.0924162487415679E-004 +8.2708749961722408E-002 +3.7433380985503709E-002 +5.0419719772563501E-002 -1.4760766330067074E-003 +1.5086450863635269E-005 +3.0559344668691644E-007 +3.5168167736216376E-004 +6.0245218373462112E-020 -6.7296128689966850E-001 +1.1769730549850768E+000 +1.0790238868778703E+000 +1.2083620034833258E+000 -1.4054123274960916E-003 +3.8950453190078915E-003 +4.8946853949327932E-005 -4.3664644686964617E-006 +0.0000000000000000E+000 +0.0000000000000000E+000 +0.0000000000000000E+000 +0.0000000000000000E+000 -3.0908553349373469E-001 +2.7683378344550289E+000
-7.7301045336273710E-001 +6.1361782124656439E-001 -2.9629609541649451E-020 -1.3715532691073296E-004 +7.8967652572059580E-002 +3.8066960618263063E-002 +4.9548967641955474E-002 -1.4419481873826101E-003 +1.8373353213936745E-005 -8.1260803916584747E-007 -2.3615608242433289E-003 +1.1159659080075407E-019 -5.6291351420699764E-001 +1.0960387945474082E+000 +9.9394872897984932E-001 +1.0903349124142629E+000 -1.4528237901414445E-003 +3.7615023740350385E-003 +4.7708514223095350E-005 -5.1767035563066315E-006 +0.0000000000000000E+000 +0.0000000000000000E+000 +0.0000000000000000E+000 +0.0000000000000000E+000 -3.3515175821201526E-001 +2.8173597798994376E+000
-7.4095112535495899E-001 +6.3035583954733132E-001 +3.2081372877256625E-020 -2.4859345148515359E-004 +7.5572298181659850E-002 +3.8292983974906644E-002 +4.8550102578565374E-002 -1.3963836786803228E-003 +1.8813606800797663E-005 -1.8018540737841725E-006 -4.0795937503147004E-003 -1.2832549150902650E-019 -4.8648133491075118E-001 +1.0219623798415753E+000 +9.1930592669779421E-001 +9.9668697184596211E-001 -1.4709928487495003E-003 +3.6228953229578728E-003 +4.5845040563491672E-005 -5.8764940330116571E-006 +0.0000000000000000E+000 +0.0000000000000000E+000 +0.0000000000000000E+000 +0.0000000000000000E+000 -3.5641476781299003E-001 +2.8522366851875884E+000
-7.0710678118654746E-001 +6.4579624458991547E-001 -2.6337430703688401E-020 -3.8884093003994718E-004 +7.2544358908859102E-002 +3.8176982653056898E-002 +4.7515936496248398E-002 -1.3425711959437585E-003 +1.8965017531294578E-005 -2.5497581235837831E-006 -4.3605880755953012E-003 +6.1833405149563925E-020 -4.2854434203089647E-001 +9.5296100671351647E-001 +8.5391787490598881E-001 +9.1534009295336061E-001 -1.4613859162166340E-003 +3.4802689341429365E-003 +4.3531777408423525E-005 -6.4478236558112605E-006 +0.0000000000000000E+000 +0.0000000000000000E+000 +0.0000000000000000E+000 +0.0000000000000000E+000 -3.7320494622232708E-001 +2.8803814249031863E+000
-6.7155895484701844E-001 +6.6017993615705350E-001 -6.6545025918665970E-020 -5.5784054701848822E-004 +6.9790500599164251E-002 +3.7755051470976915E-002 +4.6414669194902676E-002 -1.2821883718505186E-003 +2.1267484460820905E-005 -3.0691224582789075E-006 -4.6963212385658613E-003 +4.7603251635691679E-019 -3.8306693913757062E-001 +8.8727553607902776E-001 +7.9560747987718849E-001 +8.4301462440054531E-001 -1.4288867872202116E-003 +3.3358227480350280E-003 +4.0676670158398083E-005 -6.6576678736252361E-006 +0.0000000000000000E+000 +0.0000000000000000E+000 +0.0000000000000000E+000 +0.0000000000000000E+000 -3.8664016777123522E-001 +2.9020527069466455E+000
-6.3439328416364527E-001 +6.7371791432591810E-001 +2.2578722000247443E-020 -6.7056873569946952E-004 +6.7247989547675413E-002 +3.7103484845812239E-002 +4.5169082808314158E-002 -1.2164615850104906E-003 +2.1965751712592439E-005 -2.6623507310183228E-006 -8.8129916252360579E-004 -1.5056010637445189E-019 -3.4696391006809879E-001 +8.2833342772243457E-001 +7.4244688631103140E-001 +7.7563156103769826E-001 -1.3793876141469073E-003 +3.1894040184876943E-003 +3.7938410851393219E-005 -6.5954042491006775E-006 +0.0000000000000000E+000 +0.0000000000000000E+000 +0.0000000000000000E+000 +0.0000000000000000E+000 -4.0347471537843865E-001 +2.9224398693908551E+000
-5.9569930449243325E-001 +6.8656835123387483E-001 +6.6174449004242214E-022 -6.3923467425697688E-004 +6.4817714327021991E-002 +3.6299975239366018E-002 +4.3743385799017181E-002 -1.1456607243811841E-003 +2.2635435749735627E-005 -2.0916370404027927E-006 +1.8028458395305518E-003 +1.6940658945086007E-020 -3.1860967278507873E-001 +7.7344812327340640E-001 +6.9354076521763708E-001 +7.1596179060671572E-001 -1.3190551441483217E-003 +3.0411411539973299E-003 +3.5426801925615833E-005 -6.2975099103530306E-006 +0.0000000000000000E+000 +0.0000000000000000E+000 +0.0000000000000000E+000 +0.0000000000000000E+000 -4.2484950402992849E-001 +2.9560495870136894E+000
-5.5557023301960184E-001 +6.9886714473597067E-001 +2.9169697121069968E-020 -5.5767073298823426E-004 +6.2358458392035014E-002 +3.5402153844740103E-002 +4.2203145279274296E-002 -1.0707532495749083E-003 +2.4215029721695548E-005 -2.2201687625203018E-006 +2.3251270300232965E-003 -7.8943470684100792E-019 -2.9511680275712299E-001 +7.2235370776696528E-001 +6.4834560855173518E-001 +6.6415800471816355E-001 -1.2536225379489764E-003 +2.8925889107979182E-003 +3.3158372288552562E-005 -5.9322317811321080E-006 +0.0000000000000000E+000 +0.0000000000000000E+000 +0.0000000000000000E+000 +0.0000000000000000E+000 -4.5522615535584460E-001 +3.0048521526142449E+000
-5.1410274419322155E-001 +7.1069240215881146E-001 +2.6446618544545401E-020 -4.3116438979565305E-004 +5.9819885607110095E-002 +3.4429108133822835E-002 +4.0647470768737960E-002 -9.9236008356865576E-004 +2.0418473434089641E-005 -1.9155582620102431E-006 +3.8871101888866169E-003 +5.8275866771095863E-019 -2.7580470678007923E-001 +6.7346113406338060E-001 +6.0586334203990233E-001 +6.1925961269410679E-001 -1.1843670122015815E-003 +2.7419159831888972E-003 +3.0797492097158863E-005 -5.4314118094404658E-006 +0.0000000000000000E+000 +0.0000000000000000E+000 +0.0000000000000000E+000 +0.0000000000000000E+000 -4.9137916179153768E-001 +3.0614220106975760E+000
-4.7139673682599764E-001 +7.2204434074838197E-001 +2.5940384009662948E-021 -2.3504330329586758E-004 +5.7295963422054424E-002 +3.3401266311515326E-002 +3.9024290901247927E-002 -9.1171540686612630E-004 +1.6591635320229575E-005 -1.6105610062937151E-006 +5.0831821762010784E-003 -2.7952087259391911E-019 -2.5538568506383930E-001 +6.2780255038954902E-001 +5.6584146260953538E-001 +5.7694407217643306E-001 -1.1134252402282129E-003 +2.5946167000547456E-003 +2.8327594815459557E-005 -4.9605871683012003E-006 +0.0000000000000000E+000 +0.0000000000000000E+000 +0.0000000000000000E+000 +0.0000000000000000E+000 -5.3274874155670837E-001 +3.1256824784936938E+000
-4.2755509343028186E-001 +7.3278447852205575E-001 -9.0791344033820318E-020 -1.2329518317405184E-005 +5.4785424950979281E-002 +3.2341733406220985E-002 +3.7331671122496697E-002 -8.2875735153737891E-004 +1.1684846019017290E-005 -1.4235402311504607E-006 +4.8845829282227011E-003 +3.3987197008578801E-019 -2.3511280391106235E-001 +5.8469511551230957E-001 +5.2749178966442267E-001 +5.3603699066802935E-001 -1.0427316356495025E-003 +2.4459599152769330E-003 +2.5709002478018720E-005 -4.4335750843632721E-006 +0.0000000000000000E+000 +0.0000000000000000E+000 +0.0000000000000000E+000 +0.0000000000000000E+000 -5.6923761392247096E-001 +3.1861767161734882E+000
-3.8268343236508973E-001 +7.4289979614443280E-001 -1.9759690472666725E-020 +1.9628841322092910E-004 +5.2176263802956355E-002 +3.1296204538861554E-002 +3.5626771161177122E-002 -7.4312955553895667E-004 +6.8431538709930434E-006 -9.9767268561388640E-007 +4.5375875687845898E-003 +2.2276966512788099E-019 -2.1567799827951092E-001 +5.4346966168589372E-001 +4.9131058830587881E-001 +4.9974529781636012E-001 -9.7495678274217557E-004 +2.2971331016865496E-003 +2.3052960579875701E-005 -3.8735944515089837E-006 +0.0000000000000000E+000 +0.0000000000000000E+000 +0.0000000000000000E+000 +0.0000000000000000E+000 -6.0698670018013368E-001 +3.2669655510045188E+000
-3.3688985339222000E-001 +7.5234181351568530E-001 -2.2439755657338535E-020 +4.0266861188488040E-004 +4.9498899126347216E-002 +3.0285246775392391E-002 +3.3878696678195763E-002 -6.5496012063774437E-004 +3.1636512702325507E-006 -4.9629591989688394E-007 +4.3150303308660785E-003 +5.7090020644939843E-019 -1.9704334317273486E-001 +5.0385393642628151E-001 +4.5729173394246059E-001 +4.7058168648719001E-001 -9.1261602022034210E-004 +2.1478979592248534E-003 +1.9995428762989171E-005 -3.2799057909882500E-006 +0.0000000000000000E+000 +0.0000000000000000E+000 +0.0000000000000000E+000 +0.0000000000000000E+000 -6.5124047953628150E-001 +3.3786547849284969E+000
-2.9028467725446222E-001 +7.6106767872581105E-001 -1.7284766079908066E-020 +5.7162812903052435E-004 +4.6811398889035447E-002 +2.9298723992619690E-002 +3.2075116106962641E-002 -5.6496084990640544E-004 -5.3014003077218484E-007 -1.7107374997908835E-007 +2.8194095987609672E-003 -4.7095031867339099E-019 -1.7664907367927982E-001 +4.6742991988753946E-001 +4.2473626935375419E-001 +4.4253532165334930E-001 -8.5278027023689864E-004 +1.9988515861962333E-003 +1.6652628721312780E-005 -2.7013228784162486E-006 +0.0000000000000000E+000 +0.0000000000000000E+000 +0.0000000000000000E+000 +0.0000000000000000E+000 -6.9918371667365398E-001 +3.5140382819812954E+000
-2.4298017990326393E-001 +7.6887282063210882E-001 -1.1699642583950023E-020 +6.7975461240190542E-004 +4.4147169881016746E-002 +2.8344894818568809E-002 +3.0366714043896511E-002 -4.7368515090612739E-004 -3.7474189261137592E-006 -9.5120742351739020E-008 +2.0108598763626919E-003 -2.2022856628611809E-020 -1.5333392764928697E-001 +4.3239314951722352E-001 +3.9429393656056599E-001 +4.1651325924837723E-001 -7.9826737327903308E-004 +1.8521854090249948E-003 +1.3250923423648118E-005 -2.0711539633656749E-006 +0.0000000000000000E+000 +0.0000000000000000E+000 +0.0000000000000000E+000 +0.0000000000000000E+000 -7.3820193963961900E-001 +3.6598512889812724E+000
-1.9509032201612822E-001 +7.7563341034018762E-001 +3.4940109074239889E-021 +7.7465832691933406E-004 +4.1526722699833596E-002 +2.7473163748510148E-002 +2.8894912500335983E-002 -3.8117956218950214E-004 -7.3542700129296560E-006 +1.8618529715166134E-007 +1.9601074726934742E-003 -7.0303734622106928E-020 -1.2851762735159050E-001 +3.9948376670604219E-001 +3.6701729109921816E-001 +3.9693503950138986E-001 -7.4888938552059568E-004 +1.7112501493165093E-003 +9.8705392935231808E-006 -1.4495951895517199E-006 +0.0000000000000000E+000 +0.0000000000000000E+000 +0.0000000000000000E+000 +0.0000000000000000E+000 -7.5407029613744447E-001 +3.7651158167844190E+000
-1.4673047445536164E-001 +7.8119801418921497E-001 +4.2563405599528592E-020 +8.8165085482228933E-004 +3.9066428601237699E-002 +2.6753905985896123E-002 +2.7646245928990162E-002 -2.8800077430199395E-004 -7.9715071078052466E-006 +3.6139131442664354E-007 +2.7863534775904430E-003 +1.5250828215313678E-018 -1.0153027371028971E-001 +3.7067275504977260E-001 +3.4392643749857121E-001 +3.8395595042642783E-001 -7.1056999454317512E-004 +1.5854843383783874E-003 +6.8120480287636124E-006 -8.8937349620148278E-007 +0.0000000000000000E+000 +0.0000000000000000E+000 +0.0000000000000000E+000 +0.0000000000000000E+000 -7.3654203366261350E-001 +3.7988595739262352E+000
-9.8017140329560659E-002 +7.8545125545758065E-001 +2.0646428089323571E-020 +1.0673169641405090E-003 +3.6919162515471643E-002 +2.6228376490452381E-002 +2.6613055327699520E-002 -1.9467494655778207E-004 -8.1354152460857152E-006 +9.3947916631617600E-007 +4.7254354002148058E-003 +4.9805537298552860E-019 -7.2477377120401962E-002 +3.4934683486112267E-001 +3.2580009399404780E-001 +3.7633780235123249E-001 -6.8209984019563174E-004 +1.4813291488576681E-003 +4.0940302982958327E-006 -4.5419313943979234E-007 +0.0000000000000000E+000 +0.0000000000000000E+000 +0.0000000000000000E+000 +0.0000000000000000E+000 -6.9022758909479298E-001 +3.7630112462733236E+000
-4.9067674327418008E-002 +7.8821386076312361E-001 -3.1128460811595537E-020 +1.3014100247715459E-003 +3.5342714246868419E-002 +2.5893283919177914E-002 +2.5941823135239867E-002 -1.0178823938321515E-004 -8.9782041668975618E-006 +8.3068133123168276E-007 +4.2993709260693638E-003 +1.6601845766184287E-019 -3.9985254767500499E-002 +3.3377680026567502E-001 +3.1357230466588865E-001 +3.7028164762877608E-001 -6.6517530814654512E-004 +1.4098262608887835E-003 +2.2000674964593216E-006 -1.4878924580218177E-007 +0.0000000000000000E+000 +0.0000000000000000E+000 +0.0000000000000000E+000 +0.0000000000000000E+000 -6.4049387572326699E-001 +3.7054392381343284E+000
+6.1232339957367660E-017 +7.8931554059438302E-001 -4.1610493533867504E-020 +1.4462436014722967E-003 +3.4581601880474343E-002 +2.5749130329557644E-002 +2.5674660761668282E-002 -9.6339977061836617E-006 -7.1183062903027675E-006 +3.1107138598973739E-007 +1.3050499367204345E-003 +4.2690460541616737E-019 -4.3329253664863227E-003 +3.2735770172979051E-001 +3.0803047033849706E-001 +3.6865089553949826E-001 -6.5741517485758366E-004 +1.3776690516205652E-003 +1.3503803857738833E-006 +6.2242006130158819E-008 +0.0000000000000000E+000 +0.0000000000000000E+000 +0.0000000000000000E+000 +0.0000000000000000E+000 -6.1818151095108242E-001 +3.6811243641675429E+000
+4.9067674327418133E-002 +7.8861977298504415E-001 +4.0035541647566539E-020 +1.4186495630022487E-003 +3.4825133106874968E-002 +2.5813787128180367E-002 +2.5813595313598312E-002 +8.2137602341544850E-005 -3.3282159134472022E-006 -4.3437659032948536E-007 -2.2753592693918784E-003 +3.0662592690605672E-019 +3.2460083504997225E-002 +3.3025436151836285E-001 +3.1040354443086710E-001 +3.6890573329069171E-001 -6.6097084222836396E-004 +1.3916849761127881E-003 +1.7202248172952907E-006 +2.9881632421025881E-007 +0.0000000000000000E+000 +0.0000000000000000E+000 +0.0000000000000000E+000 +0.0000000000000000E+000 -6.3972089055959969E-001 +3.7450389350194566E+000
+9.8017140329560770E-002 +7.8616131685440360E-001 -1.0587911840678754E-022 +1.2594136926215701E-003 +3.6003052732947564E-002 +2.6098721114323629E-002 +2.6387893386232507E-002 +1.7384044299279585E-004 -1.3048076964491517E-006 -7.4738255071185946E-007 -3.8414527602204361E-003 -1.4907779871675686E-019 +6.7810831577357525E-002 +3.4335475818082534E-001 +3.2076951288608785E-001 +3.7359968134303612E-001 -6.7534401564030993E-004 +1.4516978930138999E-003 +3.1088452982426821E-006 +6.0674874483441708E-007 +0.0000000000000000E+000 +0.0000000000000000E+000 +0.0000000000000000E+000 +0.0000000000000000E+000 -6.9408852916832176E-001 +3.8725039290101906E+000
+1.4673047445536175E-001 +7.8205078275477347E-001 +3.8751757336884241E-020 +1.0607518145536929E-003 +3.7860808905687035E-002 +2.6578765527863424E-002 +2.7338922905447528E-002 +2.6558855124417800E-004 -2.3951126591910919E-006 -7.9764703956169799E-007 -4.3488147165704188E-003 +8.8091426514447235E-020 +1.0021937783500910E-001 +3.6421513982247067E-001 +3.3835198885146822E-001 +3.8298842112953402E-001 -7.0088328685572084E-004 +1.5508484439046072E-003 +5.4574849636051343E-006 +1.0038007370627815E-006 +0.0000000000000000E+000 +0.0000000000000000E+000 +0.0000000000000000E+000 +0.0000000000000000E+000 -7.4382079570049031E-001 +3.9482333306479389E+000
+1.9509032201612833E-001 +7.7649156274066633E-001 +1.7648725549431398E-020 +8.2999797367086005E-004 +4.0127014651275918E-002 +2.7216812789278507E-002 +2.8584653852683925E-002 +3.5702051709978470E-004 -2.0913859366572703E-006 -9.9137876260325261E-007 -5.2213459923370672E-003 +1.6263032587282567E-019 +1.2950488068120458E-001 +3.9141680586583710E-001 +3.6221561494819682E-001 +3.9658163028932880E-001 -7.3483418891798344E-004 +1.6786173157560210E-003 +8.3743348212971100E-006 +1.4465064264443368E-006 +0.0000000000000000E+000 +0.0000000000000000E+000 +0.0000000000000000E+000 +0.0000000000000000E+000 -7.5873757557239496E-001 +3.8950047237963599E+000
+2.4298017990326404E-001 +7.6963172652436096E-001 +1.1633468134945781E-020 +5.6570840015337978E-004 +4.2555146638709400E-002 +2.7971580268484592E-002 +3.0073420458280958E-002 +4.4784830161186698E-004 -1.6893327250670385E-006 -7.9163544256199132E-007 -5.6406776362800514E-003 -4.8704394467122269E-019 +1.5639708983178302E-001 +4.2363947626264981E-001 +3.9068286869823221E-001 +4.1513570672342154E-001 -7.7681904756383958E-004 +1.8259813479473222E-003 +1.1585656582994400E-005 +1.9604477515206843E-006 +0.0000000000000000E+000 +0.0000000000000000E+000 +0.0000000000000000E+000 +0.0000000000000000E+000 -7.4127341081087916E-001 +3.7665837934692119E+000
+2.9028467725446233E-001 +7.6165788878959517E-001 +6.1131955990118957E-020 +3.1379512480768639E-004 +4.5053849610351582E-002 +2.8834753137415906E-002 +3.1751814335687079E-002 +5.3759567649162311E-004 +1.3033774298504188E-007 -3.3594109224775710E-007 -4.8220423200979086E-003 -1.0469327228063152E-018 +1.8055224681991128E-001 +4.5901719260448959E-001 +4.2211646636884731E-001 +4.3734703707817085E-001 -8.2551557385851157E-004 +1.9832554267392548E-003 +1.4673824912549063E-005 +2.5497372202801395E-006 +0.0000000000000000E+000 +0.0000000000000000E+000 +0.0000000000000000E+000 +0.0000000000000000E+000 -7.0446516569363848E-001 +3.6197199359159491E+000
+3.3688985339222011E-001 +7.5272385522099150E-001 +2.2181675306221990E-020 +1.1887015508549324E-004 +4.7529659291671071E-002 +2.9822858165506044E-002 +3.3555043424038575E-002 +6.2617102295562039E-004 +3.0852634513221609E-006 +3.2369453975526017E-007 -3.5915595344317738E-003 +6.5052130349130266E-019 +2.0233488748596037E-001 +4.9824377913404150E-001 +4.5543758682942026E-001 +4.6469170969880219E-001 -8.8447827381051458E-004 +2.1454167876988118E-003 +1.7624617759129488E-005 +3.2056103569998497E-006 +0.0000000000000000E+000 +0.0000000000000000E+000 +0.0000000000000000E+000 +0.0000000000000000E+000 -6.6213754339335262E-001 +3.4834383595832294E+000
+3.8268343236508984E-001 +7.4299340403754921E-001 -7.5703569660853093E-021 -3.0569058472681576E-005 +4.9976655519762631E-002 +3.0910979557994281E-002 +3.5397827271691051E-002 +7.1277618152254421E-004 +5.6416799878261875E-006 +7.5109153869604880E-007 -3.0821200057259929E-003 +7.9282283863002512E-019 +2.2286781503336930E-001 +5.3915850296770906E-001 +4.9064758269748204E-001 +4.9854064557729105E-001 -9.5068665071669229E-004 +2.3047089423615529E-003 +2.0345809692114852E-005 +3.9092305035987608E-006 +0.0000000000000000E+000 +0.0000000000000000E+000 +0.0000000000000000E+000 +0.0000000000000000E+000 -6.1859556584669761E-001 +3.3670614173374949E+000
+4.2755509343028220E-001 +7.3254127156345084E-001 -5.2410163611359833E-021 -1.6295440343853655E-004 +5.2432873159944514E-002 +3.2049411768961859E-002 +3.7157789419185488E-002 +7.9782380109106720E-004 +5.7768380051365087E-006 +1.0639958436932964E-006 -2.6524203059424597E-003 +2.4860417001913715E-019 +2.4249645352563803E-001 +5.8260462913732081E-001 +5.2750405712808368E-001 +5.3463616269623948E-001 -1.0237170868877053E-003 +2.4635497732016500E-003 +2.3054880908127476E-005 +4.5301554616996403E-006 +0.0000000000000000E+000 +0.0000000000000000E+000 +0.0000000000000000E+000 +0.0000000000000000E+000 -5.7658587412616413E-001 +3.2689803175307373E+000
+4.7139673682599775E-001 +7.2151981632743112E-001 +2.2975768694272897E-020 -2.4725325394222214E-004 +5.4895517034077385E-002 +3.3181319804709272E-002 +3.8825533872575299E-002 +8.8067588440236843E-004 +2.6464196646480318E-006 +1.6496372014303122E-006 -1.1168796469383138E-003 -7.5470635600358160E-019 +2.6070547382323517E-001 +6.2913402902152693E-001 +5.6571634886671385E-001 +5.7428421470858981E-001 -1.0982207078675875E-003 +2.6197213276809980E-003 +2.5773862046273217E-005 +5.1024705788159888E-006 +0.0000000000000000E+000 +0.0000000000000000E+000 +0.0000000000000000E+000 +0.0000000000000000E+000 -5.3459010368743642E-001 +3.1828353041017445E+000
+5.1410274419322166E-001 +7.0995085718234208E-001 -1.5140713932170619E-020 -2.7797358781564386E-004 +5.7402488424726311E-002 +3.4244968455766141E-002 +4.0491931481293049E-002 +9.6107667567946512E-004 -6.8628809419052556E-007 +1.8216302309158624E-006 -6.7796804338864851E-004 +3.6761229910836635E-019 +2.8142525845718719E-001 +6.7603861344572047E-001 +6.0625918738190276E-001 +6.1875192605041007E-001 -1.1715687700326765E-003 +2.7737004647342260E-003 +2.8332924456496108E-005 +5.5104926249283713E-006 +0.0000000000000000E+000 +0.0000000000000000E+000 +0.0000000000000000E+000 +0.0000000000000000E+000 -4.9558249445427188E-001 +3.1072918784894816E+000
+5.5557023301960218E-001 +6.9782009157453395E-001 +1.3340768919255230E-020 -3.2765261144860399E-004 +5.9913300902919374E-002 +3.5213597495319389E-002 +4.2151632843776508E-002 +1.0381414215004934E-003 -3.4845244874104754E-006 +1.7207864386623673E-006 -1.8536304300670785E-003 -3.4050724479622874E-019 +3.0456837708609941E-001 +7.2356235091732002E-001 +6.4964938301419528E-001 +6.6550054781181189E-001 -1.2399745542093421E-003 +2.9234409994070639E-003 +3.0945009469184005E-005 +5.8607841844619507E-006 +0.0000000000000000E+000 +0.0000000000000000E+000 +0.0000000000000000E+000 +0.0000000000000000E+000 -4.6055014860031551E-001 +3.0470916173753375E+000
+5.9569930449243336E-001 +6.8504451920663267E-001 -3.7163570560782427E-020 -4.2054596052769528E-004 +6.2418336503693918E-002 +3.6105580481868932E-002 +4.3750995038124463E-002 +1.1119384626529620E-003 +5.9076234556652233E-008 +1.3621675503255233E-006 -2.4090999366876823E-003 -1.9015889665859043E-019 +3.3305241614354963E-001 +7.7625366178486033E-001 +6.9548461727233490E-001 +7.1759679470318716E-001 -1.3051608017745039E-003 +3.0721160238747205E-003 +3.3552414415745704E-005 +6.1608108436623306E-006 +0.0000000000000000E+000 +0.0000000000000000E+000 +0.0000000000000000E+000 +0.0000000000000000E+000 -4.2888639624141683E-001 +3.0014795379546850E+000
+6.3439328416364549E-001 +6.7155008237287583E-001 +3.3590150314553348E-020 -4.7744860240137818E-004 +6.5004216425082292E-002 +3.6896237905221396E-002 +4.5256405982757694E-002 +1.1814937266921872E-003 +8.3515501222369642E-006 +1.9568572267784859E-006 -1.1009867881610542E-004 +1.5246593050577406E-020 +3.6528988594787287E-001 +8.3247163480649877E-001 +7.4440968042468525E-001 +7.7702264007685795E-001 -1.3638134751016797E-003 +3.2186182855361814E-003 +3.6339852721067835E-005 +6.3430617761724277E-006 +0.0000000000000000E+000 +0.0000000000000000E+000 +0.0000000000000000E+000 +0.0000000000000000E+000 -3.9933517086273390E-001 +2.9632283391814798E+000
+6.7155895484701844E-001 +6.5732887742900137E-001 -1.2837843106822990E-020 -4.2797600784714952E-004 +6.7810911242680724E-002 +3.7537217064987097E-002 +4.6603084051393517E-002 +1.2479011494085728E-003 +1.5599703019988291E-005 +2.2207287030182788E-006 +2.6116926088552272E-003 +3.6591823321385775E-019 +4.0062173309053656E-001 +8.9292245327461861E-001 +7.9736452988988304E-001 +8.3829443265104775E-001 -1.4127756546118860E-003 +3.3632302589814062E-003 +3.8965625033124504E-005 +6.3064636980533994E-006 +0.0000000000000000E+000 +0.0000000000000000E+000 +0.0000000000000000E+000 +0.0000000000000000E+000 -3.7211158000522665E-001 +2.9292553287674568E+000
+7.0710678118654768E-001 +6.4239112727178682E-001 +3.4172485465790679E-020 -2.9670186204780019E-004 +7.0786377400468656E-002 +3.7973016140669308E-002 +4.7778811134111136E-002 +1.3091563082625894E-003 +1.1353791950112149E-005 +2.9346205034644872E-006 +4.7775349352091575E-003 +9.4066979259530307E-020 +4.4213844838572319E-001 +9.5773131170266790E-001 +8.5509717658049456E-001 +9.0826861023992267E-001 -1.4458452837895505E-003 +3.5051355148270416E-003 +4.1374872449955326E-005 +6.1385112179803620E-006 +0.0000000000000000E+000 +0.0000000000000000E+000 +0.0000000000000000E+000 +0.0000000000000000E+000 -3.5105134117647496E-001 +2.9016546236941640E+000
+7.4095112535495933E-001 +6.2650984724743730E-001 +3.0440246541951418E-020 -1.1419186509513984E-004 +7.3938601158417508E-002 +3.8143498304861509E-002 +4.8855207009165458E-002 +1.3636951650704862E-003 +2.7621779668463362E-006 +2.8564865667877960E-006 +5.5152927108944325E-003 -2.6046263128069735E-020 +4.9996109335175926E-001 +1.0268605070282550E+000 +9.1943570328218427E-001 +9.9232520068669494E-001 -1.4595529530940425E-003 +3.6425834601415850E-003 +4.3723725716744146E-005 +5.7802960863126796E-006 +0.0000000000000000E+000 +0.0000000000000000E+000 +0.0000000000000000E+000 +0.0000000000000000E+000 -3.3177680330259285E-001 +2.8705727348179049E+000
+7.7301045336273710E-001 +6.0929888959736400E-001 +6.4586262228140401E-020 +3.8491006359913994E-005 +7.7372942546840920E-002 +3.7974518727858016E-002 +4.9796294181054364E-002 +1.4093922632794115E-003 -3.8896650768635867E-006 +2.6070237804651414E-006 +3.8586598458504227E-003 -3.9842312256474152E-019 +5.7843737254340033E-001 +1.1014457643864455E+000 +9.9300171364041423E-001 +1.0913087310143668E+000 -1.4460027320814920E-003 +3.7767717493184306E-003 +4.6143703636324562E-005 +5.1343537937360919E-006 +0.0000000000000000E+000 +0.0000000000000000E+000 +0.0000000000000000E+000 +0.0000000000000000E+000 -3.1236770824588866E-001 +2.8331600258320924E+000
+8.0320753148064505E-001 +5.9032114700524729E-001 -6.0668734847089262E-020 +1.3955923483219363E-004 +8.1209998813538117E-002 +3.7354901355651081E-002 +5.0483370784692443E-002 +1.4454141706592750E-003 -1.2324517566917071E-005 +2.3365486300367096E-006 +3.1887940155556588E-003 +3.5998900258307764E-021 +6.8508449633130075E-001 +1.1836790383655742E+000 +1.0768039362164026E+000 +1.2069862785632588E+000 -1.3996635711580395E-003 +3.9017031688182422E-003 +4.7638722255669680E-005 +4.2392992079018203E-006 +0.0000000000000000E+000 +0.0000000000000000E+000 +0.0000000000000000E+000 +0.0000000000000000E+000 -2.8774447295887901E-001 +2.7786691724044359E+000
+8.3146961230254535E-001 +5.6901282347302029E-001 -4.9763185651190145E-020 +2.4105610730984514E-004 +8.5567431755228560E-002 +3.6137058351511771E-002 +5.0944825544572567E-002 +1.4672642476491454E-003 -1.9243479429231577E-005 +2.6816727805347336E-006 +4.0431611036021572E-003 +2.4182790644110275E-019 +8.3311916777123951E-001 +1.2634179528997178E+000 +1.1734994818761857E+000 +1.3409766745369014E+000 -1.3082478029748713E-003 +4.0063939637091615E-003 +4.7640734780629839E-005 +3.5075439287555682E-006 +0.0000000000000000E+000 +0.0000000000000000E+000 +0.0000000000000000E+000 +0.0000000000000000E+000 -2.5419260411013961E-001 +2.7032541645770221E+000
+8.5772861000027212E-001 +5.4456141611535158E-001 +7.4115382884751280E-022 +3.4234520877140232E-004 +9.0538816986750689E-002 +3.4196088781852596E-002 +5.1078220160553939E-002 +1.4702485012145227E-003 -2.4236947899610248E-005 +2.4913534781518048E-006 +3.1360604994829441E-003 -1.5797164466292701E-019 +1.0447931730871638E+000 +1.3398764753953982E+000 +1.2830992478928176E+000 +1.4940791003028062E+000 -1.1720630056986782E-003 +4.0833463930693443E-003 +4.5406843764311572E-005 +3.2085107423215871E-006 +0.0000000000000000E+000 +0.0000000000000000E+000 +0.0000000000000000E+000 +0.0000000000000000E+000 -2.0550427528227622E-001 +2.6139790359141823E+000
+8.8192126434835483E-001 +5.1582026231223299E-001 -1.8793543517204789E-020 +3.8859712514529345E-004 +9.6042021778073638E-002 +3.1429354040218800E-002 +5.0738411312909681E-002 +1.4447001226649940E-003 -2.0875746358578516E-005 +2.0328887710896653E-006 +8.0065698896784670E-004 -2.0879362149818503E-019 +1.3572144823344658E+000 +1.4085422633195257E+000 +1.4027072095240301E+000 +1.6708350002115306E+000 -9.8847549538928618E-004 +4.1227304919943886E-003 +4.0475701905472107E-005 +3.6693696392414464E-006 +0.0000000000000000E+000 +0.0000000000000000E+000 +0.0000000000000000E+000 +0.0000000000000000E+000 -1.3346943902356886E-001 +2.5146521121404417E+000
+9.0398929312344323E-001 +4.8105175009407974E-001 +3.0413776762349722E-020 +3.9282212363806932E-004 +1.0176050453562574E-001 +2.7753354009191437E-002 +4.9737484955830996E-002 +1.3753056945822646E-003 -1.7026909596053381E-005 +1.6520144566823496E-006 -4.3006966858344083E-004 +7.8350547621022781E-020 +1.8362216443688564E+000 +1.4604079844676823E+000 +1.5259099211653528E+000 +1.8667269337437271E+000 -7.7123448526717723E-004 +4.1217947086826089E-003 +3.3103041285485865E-005 +4.6681265687771630E-006 +0.0000000000000000E+000 +0.0000000000000000E+000 +0.0000000000000000E+000 +0.0000000000000000E+000 -3.1799037885742579E-002 +2.4309124701255760E+000
+9.2387953251128663E-001 +4.3781518871690756E-001 -3.5628323343884008E-020 +3.6293352496627999E-004 +1.0678038173993182E-001 +2.3185030872470081E-002 +4.7914525796440982E-002 +1.2386127803191707E-003 -1.6731568735248485E-005 +9.2499677550814670E-007 -2.8545406954015766E-003 +1.2705494208814505E-019 +2.5790765425374844E+000 +1.4695455796307961E+000 +1.6326932288044655E+000 +2.0566318069666756E+000 -5.3714745952424816E-004 +4.0730163180570872E-003 +2.5342971387530826E-005 +6.1137519791312945E-006 +0.0000000000000000E+000 +0.0000000000000000E+000 +0.0000000000000000E+000 +0.0000000000000000E+000 +1.1380599680825125E-001 +2.4036079786850939E+000
+9.4154406518302070E-001 +3.8317466008680573E-001 +2.8150610606404638E-020 +2.8990764126485074E-004 +1.0871730152782826E-001 +1.7984297457877853E-002 +4.4965785757433048E-002 +1.0071049524398869E-003 -1.8333026237396033E-005 +1.3509528374566592E-007 -5.2525736872948512E-003 +2.3462812638944119E-019 +3.7016868108060148E+000 +1.4137975940227341E+000 +1.6775685116335226E+000 +2.1894918441795523E+000 -3.2410572689289786E-004 +3.9897538516352228E-003 +1.8790375198563992E-005 +7.1986973730293454E-006 +0.0000000000000000E+000 +0.0000000000000000E+000 +0.0000000000000000E+000 +0.0000000000000000E+000 +3.1728828399549902E-001 +2.5125773130899964E+000
+9.5694033573220905E-001 +3.1524345024684891E-001 -7.6100616354878546E-021 +2.0134708178294163E-004 +1.0317741410022056E-001 +1.2672183476998311E-002 +4.0558346858038961E-002 +6.7932125159198117E-004 -1.8044139882865015E-005 -1.9922854988930571E-007 -5.9280328852742816E-003 +3.0069669627527662E-020 +5.2095298454712591E+000 +1.2795307689185331E+000 +1.5897921559088362E+000 +2.2846576118169137E+000 -1.6022860911155061E-004 +3.8879081458832389E-003 +1.5519755758707296E-005 +7.4265747169502934E-006 +0.0000000000000000E+000 +0.0000000000000000E+000 +0.0000000000000000E+000 +0.0000000000000000E+000 +5.7823054684138453E-001 +2.8788505750879594E+000
+9.7003125319454409E-001 +2.3691661390221336E-001 +1.6146565557035100E-021 +1.2897772500542536E-004 +8.6344653923536158E-002 +7.8468574964194720E-003 +3.4530361231583290E-002 +3.3628529074271004E-004 -1.4966567935876552E-005 -9.2173823425504442E-008 -4.9673583222794183E-003 +4.5358614325467783E-019 +6.7614662919511428E+000 +1.0858967951754506E+000 +1.3205967066519653E+000 +2.5862612044025641E+000 -6.1516214746830763E-005 +3.7968177709485997E-003 +1.5486365246398187E-005 +6.2697565718193678E-006 +0.0000000000000000E+000 +0.0000000000000000E+000 +0.0000000000000000E+000 +0.0000000000000000E+000 +8.5927014661220869E-001 +3.5902638086868666E+000
+9.8078528040323043E-001 +1.5815454614185054E-001 -3.9084283943130558E-021 +7.9960179039807801E-005 +6.0900229353667457E-002 +4.0273174784902681E-003 +2.6814383679716339E-002 +1.0788821253986325E-004 -8.8402299831499304E-006 +1.1531809588712450E-008 -4.2741960169963731E-003 +1.2493735972000930E-019 +7.8122118781315271E+000 +1.0324649604802580E+000 +9.2466780288765527E-001 +3.0488535047968761E+000 -1.6172217515970036E-005 +3.7332933449805120E-003 +1.5676939969715630E-005 +4.2091182994618494E-006 +0.0000000000000000E+000 +0.0000000000000000E+000 +0.0000000000000000E+000 +0.0000000000000000E+000 +1.0714456767356673E+000 +4.4105361047036560E+000
+9.8917650996478079E-001 +9.0501901618110517E-002 +1.9711713997138649E-021 +4.4771109298917460E-005 +3.5397785270877856E-002 +1.5384805470705684E-003 +1.7822307803729610E-002 +2.0005134770017895E-005 -3.4861152846780257E-006 +1.2038046002054673E-008 -4.1400002519396389E-003 +1.0482032722271967E-019 +8.2524520382352016E+000 +1.3021768349578335E+000 +5.3446538815079492E-001 +3.2582901037970813E+000 -2.3485229812833951E-006 +3.7073528773207886E-003 +1.2418748197513289E-005 +1.9909498603260165E-006 +0.0000000000000000E+000 +0.0000000000000000E+000 +0.0000000000000000E+000 +0.0000000000000000E+000 +1.1490673367467288E+000 +4.8411020228084851E+000
+9.9518472667219682E-001 +4.0477932623101925E-002 +4.4884887988658664E-022 +1.9940693059584893E-005 +1.5883949423058812E-002 +3.4984602783332111E-004 +8.9945804460667290E-003 +1.6912318943443194E-006 -7.8476514001075981E-007 +1.5889548892731959E-009 -4.1405401811888953E-003 +9.6773514223803814E-020 +8.3803813002818544E+000 +1.6781058048592554E+000 +2.3842139128294976E-001 +3.2899710560569053E+000 -9.9257796179778140E-008 +3.7059508183590988E-003 +6.6998616353600448E-006 +5.3149013912424409E-007 +0.0000000000000000E+000 +0.0000000000000000E+000 +0.0000000000000000E+000 +0.0000000000000000E+000 +1.1374148099719283E+000 +4.8824298166023992E+000
+9.9879545620517252E-001 +1.0146082866237218E-002 +3.8127856359866119E-025 +4.9802111917128500E-006 +3.9936787032428828E-003 +2.3851933117478511E-005 +2.4370148247484548E-003 +2.5250914350876428E-008 -5.2359396920048649E-008 +2.5269173475766207E-011 -4.1374191145648193E-003 +3.1631386624027778E-021 +8.4179939402152115E+000 +1.9688517355829349E+000 +5.9602932036230301E-002 +3.3088210280817227E+000 +2.3524757811051927E-008 +3.7139269736156839E-003 +1.7891791648635316E-006 +3.9915191412369727E-008 +0.0000000000000000E+000 +0.0000000000000000E+000 +0.0000000000000000E+000 +0.0000000000000000E+000 +1.1068011201430314E+000 +4.8214749461018718E+000
+1.0000000000000000E+000 +1.4028625361189431E-016 +7.1470056529995080E-036 +1.1628585295210125E-019 +2.7216328602072368E-015 +1.3367545588643959E-017 +1.0275465239009446E-016 -1.7777872155202766E-036 +3.0711120339578929E-034 +1.2215766163331390E-036 -4.1341166841588114E-003 -3.0092655381050560E-034 +8.4283132727996914E+000 +2.0796956364056500E+000 +3.2922549461477687E-015 +3.3241873865564178E+000 +2.4978280039394401E-008 +3.7180434608798415E-003 +1.8969201704449749E-022 -1.2587736776895669E-023 +0.0000000000000000E+000 +0.0000000000000000E+000 +0.0000000000000000E+000 +0.0000000000000000E+000 -3.5211398460193159E-002 +2.9636787079666416E+000
